// Annual Skate
//notes: (???  ???): Great PvE Hand Cannon
dimwishlist:item=6857689&perks=1926090094,106909392,1168162263,1954620775,684616255
dimwishlist:item=6857689&perks=1926090092,106909392,1168162263,1954620775,684616255
dimwishlist:item=6857689&perks=1926090093,106909392,1168162263,1954620775,684616255
dimwishlist:item=6857689&perks=1926090090,106909392,1168162263,1954620775,684616255
dimwishlist:item=6857689&perks=1926090094,1087426260,1168162263,1954620775,684616255
dimwishlist:item=6857689&perks=1926090092,1087426260,1168162263,1954620775,684616255
dimwishlist:item=6857689&perks=1926090093,1087426260,1168162263,1954620775,684616255
dimwishlist:item=6857689&perks=1926090090,1087426260,1168162263,1954620775,684616255
dimwishlist:item=6857689&perks=1926090094,106909392,3436462433,1954620775,684616255
dimwishlist:item=6857689&perks=1926090092,106909392,3436462433,1954620775,684616255
dimwishlist:item=6857689&perks=1926090093,106909392,3436462433,1954620775,684616255
dimwishlist:item=6857689&perks=1926090090,106909392,3436462433,1954620775,684616255
dimwishlist:item=6857689&perks=1926090094,1087426260,3436462433,1954620775,684616255
dimwishlist:item=6857689&perks=1926090092,1087426260,3436462433,1954620775,684616255
dimwishlist:item=6857689&perks=1926090093,1087426260,3436462433,1954620775,684616255
dimwishlist:item=6857689&perks=1926090090,1087426260,3436462433,1954620775,684616255
dimwishlist:item=6857689&perks=1926090094,106909392,3124871000,1954620775,684616255
dimwishlist:item=6857689&perks=1926090092,106909392,3124871000,1954620775,684616255
dimwishlist:item=6857689&perks=1926090093,106909392,3124871000,1954620775,684616255
dimwishlist:item=6857689&perks=1926090090,106909392,3124871000,1954620775,684616255
dimwishlist:item=6857689&perks=1926090094,1087426260,3124871000,1954620775,684616255
dimwishlist:item=6857689&perks=1926090092,1087426260,3124871000,1954620775,684616255
dimwishlist:item=6857689&perks=1926090093,1087426260,3124871000,1954620775,684616255
dimwishlist:item=6857689&perks=1926090090,1087426260,3124871000,1954620775,684616255
dimwishlist:item=6857689&perks=1926090094,106909392,1168162263,2848615171,684616255
dimwishlist:item=6857689&perks=1926090092,106909392,1168162263,2848615171,684616255
dimwishlist:item=6857689&perks=1926090093,106909392,1168162263,2848615171,684616255
dimwishlist:item=6857689&perks=1926090090,106909392,1168162263,2848615171,684616255
dimwishlist:item=6857689&perks=1926090094,1087426260,1168162263,2848615171,684616255
dimwishlist:item=6857689&perks=1926090092,1087426260,1168162263,2848615171,684616255
dimwishlist:item=6857689&perks=1926090093,1087426260,1168162263,2848615171,684616255
dimwishlist:item=6857689&perks=1926090090,1087426260,1168162263,2848615171,684616255
dimwishlist:item=6857689&perks=1926090094,106909392,3436462433,2848615171,684616255
dimwishlist:item=6857689&perks=1926090092,106909392,3436462433,2848615171,684616255
dimwishlist:item=6857689&perks=1926090093,106909392,3436462433,2848615171,684616255
dimwishlist:item=6857689&perks=1926090090,106909392,3436462433,2848615171,684616255
dimwishlist:item=6857689&perks=1926090094,1087426260,3436462433,2848615171,684616255
dimwishlist:item=6857689&perks=1926090092,1087426260,3436462433,2848615171,684616255
dimwishlist:item=6857689&perks=1926090093,1087426260,3436462433,2848615171,684616255
dimwishlist:item=6857689&perks=1926090090,1087426260,3436462433,2848615171,684616255
dimwishlist:item=6857689&perks=1926090094,106909392,3124871000,2848615171,684616255
dimwishlist:item=6857689&perks=1926090092,106909392,3124871000,2848615171,684616255
dimwishlist:item=6857689&perks=1926090093,106909392,3124871000,2848615171,684616255
dimwishlist:item=6857689&perks=1926090090,106909392,3124871000,2848615171,684616255
dimwishlist:item=6857689&perks=1926090094,1087426260,3124871000,2848615171,684616255
dimwishlist:item=6857689&perks=1926090092,1087426260,3124871000,2848615171,684616255
dimwishlist:item=6857689&perks=1926090093,1087426260,3124871000,2848615171,684616255
dimwishlist:item=6857689&perks=1926090090,1087426260,3124871000,2848615171,684616255
dimwishlist:item=6857689&perks=1926090094,106909392,1168162263,2458213969,684616255
dimwishlist:item=6857689&perks=1926090092,106909392,1168162263,2458213969,684616255
dimwishlist:item=6857689&perks=1926090093,106909392,1168162263,2458213969,684616255
dimwishlist:item=6857689&perks=1926090090,106909392,1168162263,2458213969,684616255
dimwishlist:item=6857689&perks=1926090094,1087426260,1168162263,2458213969,684616255
dimwishlist:item=6857689&perks=1926090092,1087426260,1168162263,2458213969,684616255
dimwishlist:item=6857689&perks=1926090093,1087426260,1168162263,2458213969,684616255
dimwishlist:item=6857689&perks=1926090090,1087426260,1168162263,2458213969,684616255
dimwishlist:item=6857689&perks=1926090094,106909392,3436462433,2458213969,684616255
dimwishlist:item=6857689&perks=1926090092,106909392,3436462433,2458213969,684616255
dimwishlist:item=6857689&perks=1926090093,106909392,3436462433,2458213969,684616255
dimwishlist:item=6857689&perks=1926090090,106909392,3436462433,2458213969,684616255
dimwishlist:item=6857689&perks=1926090094,1087426260,3436462433,2458213969,684616255
dimwishlist:item=6857689&perks=1926090092,1087426260,3436462433,2458213969,684616255
dimwishlist:item=6857689&perks=1926090093,1087426260,3436462433,2458213969,684616255
dimwishlist:item=6857689&perks=1926090090,1087426260,3436462433,2458213969,684616255
dimwishlist:item=6857689&perks=1926090094,106909392,3124871000,2458213969,684616255
dimwishlist:item=6857689&perks=1926090092,106909392,3124871000,2458213969,684616255
dimwishlist:item=6857689&perks=1926090093,106909392,3124871000,2458213969,684616255
dimwishlist:item=6857689&perks=1926090090,106909392,3124871000,2458213969,684616255
dimwishlist:item=6857689&perks=1926090094,1087426260,3124871000,2458213969,684616255
dimwishlist:item=6857689&perks=1926090092,1087426260,3124871000,2458213969,684616255
dimwishlist:item=6857689&perks=1926090093,1087426260,3124871000,2458213969,684616255
dimwishlist:item=6857689&perks=1926090090,1087426260,3124871000,2458213969,684616255
dimwishlist:item=6857689&perks=1926090094,106909392,1168162263,3592538738,684616255
dimwishlist:item=6857689&perks=1926090092,106909392,1168162263,3592538738,684616255
dimwishlist:item=6857689&perks=1926090093,106909392,1168162263,3592538738,684616255
dimwishlist:item=6857689&perks=1926090090,106909392,1168162263,3592538738,684616255
dimwishlist:item=6857689&perks=1926090094,1087426260,1168162263,3592538738,684616255
dimwishlist:item=6857689&perks=1926090092,1087426260,1168162263,3592538738,684616255
dimwishlist:item=6857689&perks=1926090093,1087426260,1168162263,3592538738,684616255
dimwishlist:item=6857689&perks=1926090090,1087426260,1168162263,3592538738,684616255
dimwishlist:item=6857689&perks=1926090094,106909392,3436462433,3592538738,684616255
dimwishlist:item=6857689&perks=1926090092,106909392,3436462433,3592538738,684616255
dimwishlist:item=6857689&perks=1926090093,106909392,3436462433,3592538738,684616255
dimwishlist:item=6857689&perks=1926090090,106909392,3436462433,3592538738,684616255
dimwishlist:item=6857689&perks=1926090094,1087426260,3436462433,3592538738,684616255
dimwishlist:item=6857689&perks=1926090092,1087426260,3436462433,3592538738,684616255
dimwishlist:item=6857689&perks=1926090093,1087426260,3436462433,3592538738,684616255
dimwishlist:item=6857689&perks=1926090090,1087426260,3436462433,3592538738,684616255
dimwishlist:item=6857689&perks=1926090094,106909392,3124871000,3592538738,684616255
dimwishlist:item=6857689&perks=1926090092,106909392,3124871000,3592538738,684616255
dimwishlist:item=6857689&perks=1926090093,106909392,3124871000,3592538738,684616255
dimwishlist:item=6857689&perks=1926090090,106909392,3124871000,3592538738,684616255
dimwishlist:item=6857689&perks=1926090094,1087426260,3124871000,3592538738,684616255
dimwishlist:item=6857689&perks=1926090092,1087426260,3124871000,3592538738,684616255
dimwishlist:item=6857689&perks=1926090093,1087426260,3124871000,3592538738,684616255
dimwishlist:item=6857689&perks=1926090090,1087426260,3124871000,3592538738,684616255
dimwishlist:item=6857689&perks=1926090094,106909392,1168162263,1954620775,2697220197
dimwishlist:item=6857689&perks=1926090092,106909392,1168162263,1954620775,2697220197
dimwishlist:item=6857689&perks=1926090093,106909392,1168162263,1954620775,2697220197
dimwishlist:item=6857689&perks=1926090090,106909392,1168162263,1954620775,2697220197
dimwishlist:item=6857689&perks=1926090094,1087426260,1168162263,1954620775,2697220197
dimwishlist:item=6857689&perks=1926090092,1087426260,1168162263,1954620775,2697220197
dimwishlist:item=6857689&perks=1926090093,1087426260,1168162263,1954620775,2697220197
dimwishlist:item=6857689&perks=1926090090,1087426260,1168162263,1954620775,2697220197
dimwishlist:item=6857689&perks=1926090094,106909392,3436462433,1954620775,2697220197
dimwishlist:item=6857689&perks=1926090092,106909392,3436462433,1954620775,2697220197
dimwishlist:item=6857689&perks=1926090093,106909392,3436462433,1954620775,2697220197
dimwishlist:item=6857689&perks=1926090090,106909392,3436462433,1954620775,2697220197
dimwishlist:item=6857689&perks=1926090094,1087426260,3436462433,1954620775,2697220197
dimwishlist:item=6857689&perks=1926090092,1087426260,3436462433,1954620775,2697220197
dimwishlist:item=6857689&perks=1926090093,1087426260,3436462433,1954620775,2697220197
dimwishlist:item=6857689&perks=1926090090,1087426260,3436462433,1954620775,2697220197
dimwishlist:item=6857689&perks=1926090094,106909392,3124871000,1954620775,2697220197
dimwishlist:item=6857689&perks=1926090092,106909392,3124871000,1954620775,2697220197
dimwishlist:item=6857689&perks=1926090093,106909392,3124871000,1954620775,2697220197
dimwishlist:item=6857689&perks=1926090090,106909392,3124871000,1954620775,2697220197
dimwishlist:item=6857689&perks=1926090094,1087426260,3124871000,1954620775,2697220197
dimwishlist:item=6857689&perks=1926090092,1087426260,3124871000,1954620775,2697220197
dimwishlist:item=6857689&perks=1926090093,1087426260,3124871000,1954620775,2697220197
dimwishlist:item=6857689&perks=1926090090,1087426260,3124871000,1954620775,2697220197
dimwishlist:item=6857689&perks=1926090094,106909392,1168162263,2848615171,2697220197
dimwishlist:item=6857689&perks=1926090092,106909392,1168162263,2848615171,2697220197
dimwishlist:item=6857689&perks=1926090093,106909392,1168162263,2848615171,2697220197
dimwishlist:item=6857689&perks=1926090090,106909392,1168162263,2848615171,2697220197
dimwishlist:item=6857689&perks=1926090094,1087426260,1168162263,2848615171,2697220197
dimwishlist:item=6857689&perks=1926090092,1087426260,1168162263,2848615171,2697220197
dimwishlist:item=6857689&perks=1926090093,1087426260,1168162263,2848615171,2697220197
dimwishlist:item=6857689&perks=1926090090,1087426260,1168162263,2848615171,2697220197
dimwishlist:item=6857689&perks=1926090094,106909392,3436462433,2848615171,2697220197
dimwishlist:item=6857689&perks=1926090092,106909392,3436462433,2848615171,2697220197
dimwishlist:item=6857689&perks=1926090093,106909392,3436462433,2848615171,2697220197
dimwishlist:item=6857689&perks=1926090090,106909392,3436462433,2848615171,2697220197
dimwishlist:item=6857689&perks=1926090094,1087426260,3436462433,2848615171,2697220197
dimwishlist:item=6857689&perks=1926090092,1087426260,3436462433,2848615171,2697220197
dimwishlist:item=6857689&perks=1926090093,1087426260,3436462433,2848615171,2697220197
dimwishlist:item=6857689&perks=1926090090,1087426260,3436462433,2848615171,2697220197
dimwishlist:item=6857689&perks=1926090094,106909392,3124871000,2848615171,2697220197
dimwishlist:item=6857689&perks=1926090092,106909392,3124871000,2848615171,2697220197
dimwishlist:item=6857689&perks=1926090093,106909392,3124871000,2848615171,2697220197
dimwishlist:item=6857689&perks=1926090090,106909392,3124871000,2848615171,2697220197
dimwishlist:item=6857689&perks=1926090094,1087426260,3124871000,2848615171,2697220197
dimwishlist:item=6857689&perks=1926090092,1087426260,3124871000,2848615171,2697220197
dimwishlist:item=6857689&perks=1926090093,1087426260,3124871000,2848615171,2697220197
dimwishlist:item=6857689&perks=1926090090,1087426260,3124871000,2848615171,2697220197
dimwishlist:item=6857689&perks=1926090094,106909392,1168162263,2458213969,2697220197
dimwishlist:item=6857689&perks=1926090092,106909392,1168162263,2458213969,2697220197
dimwishlist:item=6857689&perks=1926090093,106909392,1168162263,2458213969,2697220197
dimwishlist:item=6857689&perks=1926090090,106909392,1168162263,2458213969,2697220197
dimwishlist:item=6857689&perks=1926090094,1087426260,1168162263,2458213969,2697220197
dimwishlist:item=6857689&perks=1926090092,1087426260,1168162263,2458213969,2697220197
dimwishlist:item=6857689&perks=1926090093,1087426260,1168162263,2458213969,2697220197
dimwishlist:item=6857689&perks=1926090090,1087426260,1168162263,2458213969,2697220197
dimwishlist:item=6857689&perks=1926090094,106909392,3436462433,2458213969,2697220197
dimwishlist:item=6857689&perks=1926090092,106909392,3436462433,2458213969,2697220197
dimwishlist:item=6857689&perks=1926090093,106909392,3436462433,2458213969,2697220197
dimwishlist:item=6857689&perks=1926090090,106909392,3436462433,2458213969,2697220197
dimwishlist:item=6857689&perks=1926090094,1087426260,3436462433,2458213969,2697220197
dimwishlist:item=6857689&perks=1926090092,1087426260,3436462433,2458213969,2697220197
dimwishlist:item=6857689&perks=1926090093,1087426260,3436462433,2458213969,2697220197
dimwishlist:item=6857689&perks=1926090090,1087426260,3436462433,2458213969,2697220197
dimwishlist:item=6857689&perks=1926090094,106909392,3124871000,2458213969,2697220197
dimwishlist:item=6857689&perks=1926090092,106909392,3124871000,2458213969,2697220197
dimwishlist:item=6857689&perks=1926090093,106909392,3124871000,2458213969,2697220197
dimwishlist:item=6857689&perks=1926090090,106909392,3124871000,2458213969,2697220197
dimwishlist:item=6857689&perks=1926090094,1087426260,3124871000,2458213969,2697220197
dimwishlist:item=6857689&perks=1926090092,1087426260,3124871000,2458213969,2697220197
dimwishlist:item=6857689&perks=1926090093,1087426260,3124871000,2458213969,2697220197
dimwishlist:item=6857689&perks=1926090090,1087426260,3124871000,2458213969,2697220197
dimwishlist:item=6857689&perks=1926090094,106909392,1168162263,3592538738,2697220197
dimwishlist:item=6857689&perks=1926090092,106909392,1168162263,3592538738,2697220197
dimwishlist:item=6857689&perks=1926090093,106909392,1168162263,3592538738,2697220197
dimwishlist:item=6857689&perks=1926090090,106909392,1168162263,3592538738,2697220197
dimwishlist:item=6857689&perks=1926090094,1087426260,1168162263,3592538738,2697220197
dimwishlist:item=6857689&perks=1926090092,1087426260,1168162263,3592538738,2697220197
dimwishlist:item=6857689&perks=1926090093,1087426260,1168162263,3592538738,2697220197
dimwishlist:item=6857689&perks=1926090090,1087426260,1168162263,3592538738,2697220197
dimwishlist:item=6857689&perks=1926090094,106909392,3436462433,3592538738,2697220197
dimwishlist:item=6857689&perks=1926090092,106909392,3436462433,3592538738,2697220197
dimwishlist:item=6857689&perks=1926090093,106909392,3436462433,3592538738,2697220197
dimwishlist:item=6857689&perks=1926090090,106909392,3436462433,3592538738,2697220197
dimwishlist:item=6857689&perks=1926090094,1087426260,3436462433,3592538738,2697220197
dimwishlist:item=6857689&perks=1926090092,1087426260,3436462433,3592538738,2697220197
dimwishlist:item=6857689&perks=1926090093,1087426260,3436462433,3592538738,2697220197
dimwishlist:item=6857689&perks=1926090090,1087426260,3436462433,3592538738,2697220197
dimwishlist:item=6857689&perks=1926090094,106909392,3124871000,3592538738,2697220197
dimwishlist:item=6857689&perks=1926090092,106909392,3124871000,3592538738,2697220197
dimwishlist:item=6857689&perks=1926090093,106909392,3124871000,3592538738,2697220197
dimwishlist:item=6857689&perks=1926090090,106909392,3124871000,3592538738,2697220197
dimwishlist:item=6857689&perks=1926090094,1087426260,3124871000,3592538738,2697220197
dimwishlist:item=6857689&perks=1926090092,1087426260,3124871000,3592538738,2697220197
dimwishlist:item=6857689&perks=1926090093,1087426260,3124871000,3592538738,2697220197
dimwishlist:item=6857689&perks=1926090090,1087426260,3124871000,3592538738,2697220197
